560.0
360.0
720.0
330.0
190.0
160.0
560.0
650.0
490.0
410.0
250.0
510.0
360.0
310.0
310.0
260.0
480.0
530.0
780.0
800.0
2090.0
290.0
370.0
280.0
810.0
340.0
280.0
1210.0
200.0
210.0
510.0
390.0
330.0
260.0
420.0
310.0
990.0
340.0
1130.0
820.0
400.0
690.0
200.0
350.0
1020.0
330.0
300.0
1310.0
290.0
470.0
250.0
280.0
280.0
300.0
270.0
260.0
210.0
320.0
320.0
380.0
250.0
430.0
190.0
390.0
260.0
230.0
820.0
320.0
450.0
1880.0
360.0
290.0
370.0
560.0
370.0
370.0
390.0
1410.0
340.0
260.0
320.0
150.0
220.0
390.0
310.0
260.0
220.0
300.0
230.0
510.0
460.0
270.0
610.0
340.0
920.0
1170.0
550.0
690.0
260.0
320.0
280.0
310.0
210.0
310.0
520.0
320.0
370.0
220.0
270.0
420.0
350.0
490.0
250.0
450.0
330.0
230.0
200.0
280.0
230.0
780.0
300.0
320.0
120.0
400.0
1150.0
1070.0
350.0
290.0
430.0
260.0
950.0
290.0
880.0
210.0
240.0
240.0
460.0
320.0
810.0
320.0
400.0
790.0
460.0
290.0
800.0
400.0
180.0
440.0
450.0
900.0
570.0
220.0
320.0
710.0
360.0
290.0
560.0
440.0
890.0
580.0
270.0
270.0
320.0
550.0
310.0
580.0
750.0
890.0
370.0
950.0
460.0
500.0
290.0
360.0
380.0
530.0
380.0
800.0
370.0
260.0
510.0
530.0
530.0
530.0
350.0
420.0
1120.0
300.0
490.0
720.0
250.0
350.0
320.0
1060.0
690.0
370.0
280.0
620.0
740.0
440.0
360.0
380.0
180.0
890.0
1020.0
240.0
570.0
220.0
420.0
420.0
1110.0
280.0
510.0
270.0
500.0
60.0
480.0
440.0
610.0
2250.0
300.0
340.0
280.0
520.0
190.0
420.0
280.0
510.0
360.0
710.0
540.0
520.0
300.0
730.0
750.0
520.0
260.0
310.0
320.0
750.0
350.0
160.0
320.0
1500.0
220.0
650.0
330.0
680.0
970.0
330.0
820.0
250.0
650.0
1120.0
330.0
430.0
520.0
330.0
480.0
2260.0
300.0
580.0
290.0
290.0
260.0
280.0
630.0
630.0
1310.0
270.0
640.0
790.0
510.0
490.0
230.0
370.0
440.0
1360.0
720.0
210.0
280.0
1070.0
330.0
440.0
370.0
630.0
150.0
600.0
810.0
700.0
880.0
770.0
500.0
420.0
350.0
180.0
550.0
720.0
270.0
700.0
580.0
250.0
380.0
400.0
620.0
350.0
640.0
210.0
500.0
590.0
250.0
680.0
410.0
470.0
510.0
520.0
530.0
960.0
230.0
670.0
260.0
360.0
910.0
640.0
200.0
800.0
420.0
130.0
470.0
540.0
530.0
760.0
690.0
1560.0
210.0
340.0
1170.0
410.0
260.0
1120.0
1090.0
390.0
400.0
450.0
380.0
260.0
1100.0
360.0
870.0
390.0
690.0
230.0
280.0
1490.0
1120.0
1180.0
340.0
710.0
970.0
400.0
240.0
1080.0
410.0
480.0
480.0
280.0
670.0
340.0
410.0
380.0
800.0
480.0
870.0
750.0
1390.0
1240.0
410.0
430.0
490.0
330.0
460.0
210.0
400.0
470.0
170.0
420.0
1060.0
420.0
310.0
370.0
990.0
440.0
840.0
740.0
390.0
240.0
430.0
220.0
270.0
680.0
1490.0
490.0
220.0
150.0
380.0
250.0
940.0
890.0
570.0
1140.0
360.0
510.0
590.0
400.0
350.0
780.0
360.0
730.0
330.0
570.0
280.0
480.0
810.0
360.0
290.0
430.0
450.0
330.0
150.0
390.0
330.0
490.0
260.0
280.0
430.0
720.0
740.0
310.0
290.0
290.0
340.0
600.0
120.0
340.0
500.0
360.0
440.0
440.0
330.0
680.0
270.0
1110.0
1130.0
790.0
490.0
810.0
1200.0
310.0
260.0
200.0
280.0
310.0
810.0
310.0
170.0
400.0
450.0
970.0
270.0
500.0
470.0
290.0
170.0
530.0
1970.0
930.0
350.0
800.0
630.0
160.0
460.0
490.0
380.0
220.0
1270.0
250.0
630.0
480.0
550.0
410.0
680.0
370.0
540.0
360.0
460.0
240.0
480.0
420.0
390.0
310.0
350.0
250.0
460.0
1390.0
1000.0
640.0
560.0
670.0
490.0
70.0
500.0
480.0
400.0
1300.0
1250.0
450.0
680.0
380.0
900.0
460.0
730.0
1060.0
520.0
1250.0
530.0
460.0
470.0
320.0
950.0
230.0
270.0
330.0
660.0
560.0
480.0
690.0
860.0
1040.0
1430.0
620.0
350.0
210.0
790.0
1020.0
140.0
630.0
680.0
330.0
1040.0
850.0
510.0
990.0
2210.0
1240.0
1090.0
440.0
270.0
370.0
230.0
220.0
490.0
620.0
920.0
1940.0
1180.0
440.0
340.0
870.0
680.0
980.0
150.0
660.0
400.0
380.0
200.0
240.0
280.0
240.0
890.0
1790.0
410.0
1080.0
530.0
620.0
530.0
440.0
640.0
490.0
560.0
410.0
410.0
960.0
1870.0
350.0
650.0
1120.0
840.0
560.0
1060.0
880.0
450.0
800.0
710.0
520.0
550.0
1440.0
250.0
460.0
2090.0
1290.0
1030.0
480.0
1210.0
470.0
300.0
600.0
980.0
110.0
350.0
300.0
420.0
490.0
150.0
1130.0
430.0
670.0
330.0
1540.0
1310.0
210.0
500.0
1210.0
160.0
610.0
730.0
470.0
680.0
420.0
490.0
650.0
1380.0
630.0
1980.0
300.0
240.0
460.0
580.0
970.0
230.0
370.0
1180.0
430.0
550.0
340.0
370.0
700.0
330.0
220.0
270.0
1300.0
370.0
390.0
420.0
450.0
380.0
1910.0
760.0
430.0
320.0
700.0
490.0
510.0
980.0
350.0
450.0
670.0
890.0
510.0
600.0
620.0
1090.0
210.0
620.0
550.0
760.0
280.0
200.0
500.0
490.0
1120.0
560.0
1260.0
800.0
460.0
340.0
320.0
690.0
410.0
120.0
500.0
380.0
330.0
670.0
270.0
510.0
380.0
550.0
510.0
740.0
490.0
210.0
1040.0
1930.0
410.0
450.0
400.0
350.0
600.0
620.0
320.0
570.0
840.0
360.0
140.0
1040.0
200.0
600.0
390.0
480.0
660.0
1330.0
620.0
670.0
1300.0
650.0
350.0
400.0
380.0
690.0
230.0
450.0
680.0
880.0
890.0
1220.0
570.0
1020.0
210.0
290.0
210.0
520.0
110.0
630.0
760.0
180.0
1450.0
320.0
560.0
330.0
410.0
720.0
1170.0
480.0
90.0
960.0
330.0
1330.0
1020.0
630.0
800.0
260.0
270.0
690.0
1000.0
280.0
440.0
330.0
320.0
1370.0
780.0
630.0
800.0
2030.0
360.0
650.0
330.0
940.0
930.0
1870.0
460.0
460.0
420.0
770.0
630.0
880.0
250.0
260.0
240.0
730.0
180.0
1570.0
740.0
420.0
230.0
210.0
380.0
990.0
610.0
310.0
420.0
1060.0
380.0
450.0
340.0
740.0
760.0
620.0
640.0
490.0
420.0
1270.0
1390.0
260.0
360.0
410.0
690.0
360.0
610.0
470.0
770.0
360.0
380.0
370.0
280.0
830.0
810.0
360.0
1050.0
280.0
540.0
430.0
340.0
430.0
190.0
890.0
440.0
640.0
400.0
1160.0
470.0
930.0
110.0
740.0
380.0
290.0
270.0
330.0
760.0
890.0
260.0
350.0
1430.0
830.0
330.0
940.0
260.0
290.0
90.0
1050.0
860.0
170.0
850.0
450.0
250.0
450.0
740.0
490.0
770.0
960.0
560.0
180.0
470.0
510.0
750.0
1280.0
1340.0
310.0
640.0
470.0
310.0
440.0
690.0
370.0
420.0
990.0
360.0
210.0
270.0
1010.0
270.0
520.0
1050.0
700.0
120.0
1120.0
350.0
680.0
1100.0
1020.0
270.0
510.0
520.0
290.0
540.0
460.0
510.0
660.0
430.0
470.0
440.0
310.0
440.0
880.0
670.0
530.0
600.0
680.0
610.0
510.0
1560.0
660.0
560.0
380.0
380.0
310.0
750.0
560.0
520.0
470.0
710.0
320.0
300.0
310.0
600.0
1110.0
350.0
310.0
710.0
850.0
460.0
1120.0
290.0
660.0
510.0
1920.0
600.0
850.0
810.0
720.0
360.0
660.0
310.0
450.0
460.0
450.0
620.0
710.0
680.0
690.0
630.0
100.0
870.0
460.0
310.0
380.0
720.0
590.0
470.0
590.0
770.0
150.0
670.0
320.0
500.0
190.0
500.0
700.0
320.0
280.0
1110.0
760.0
330.0
540.0
670.0
530.0
690.0
990.0
270.0
230.0
480.0
560.0
910.0
100.0
750.0
610.0
670.0
560.0
1760.0
470.0
890.0
460.0
190.0
690.0
240.0
530.0
430.0
740.0
540.0
450.0
840.0
360.0
580.0
860.0
1540.0
900.0
900.0
370.0
480.0
720.0
340.0
310.0
1070.0
290.0
390.0
1060.0
840.0
1150.0
1090.0
260.0
320.0
320.0
560.0
630.0
420.0
560.0
180.0
470.0
390.0
770.0
720.0
590.0
310.0
700.0
470.0
700.0
370.0
810.0
660.0
800.0
1740.0
600.0
1000.0
380.0
510.0
1090.0
600.0
820.0
300.0
800.0
810.0
420.0
220.0
460.0
1340.0
490.0
130.0
910.0
370.0
990.0
310.0
940.0
440.0
810.0
200.0
480.0
140.0
490.0
200.0
530.0
560.0
640.0
670.0
560.0
550.0
630.0
1260.0
380.0
700.0
530.0
420.0
390.0
400.0
500.0
180.0
3780.0
620.0
1080.0
700.0
910.0
1010.0
520.0
340.0
1270.0
460.0
780.0
1270.0
500.0
440.0
430.0
580.0
430.0
990.0
520.0
440.0
2060.0
740.0
1280.0
320.0
500.0
490.0
370.0
690.0
1270.0
490.0
1070.0
570.0
450.0
470.0
600.0
460.0
230.0
550.0
530.0
1330.0
960.0
1510.0
280.0
850.0
1030.0
1220.0
240.0
420.0
2380.0
640.0
330.0
1180.0
330.0
540.0
490.0
450.0
870.0
730.0
790.0
310.0
230.0
680.0
380.0
790.0
470.0
310.0
210.0
650.0
400.0
240.0
460.0
1040.0
530.0
650.0
480.0
430.0
320.0
430.0
2310.0
460.0
170.0
1110.0
490.0
820.0
380.0
620.0
760.0
310.0
290.0
1080.0
670.0
390.0
330.0
1030.0
630.0
1010.0
910.0
490.0
400.0
250.0
350.0
470.0
400.0
710.0
670.0
460.0
580.0
740.0
640.0
1260.0
560.0
690.0
680.0
320.0
430.0
390.0
330.0
710.0
270.0
350.0
810.0
870.0
430.0
370.0
1020.0
320.0
1290.0
480.0
500.0
240.0
410.0
180.0
620.0
400.0
200.0
400.0
380.0
420.0
700.0
260.0
1230.0
680.0
1160.0
910.0
560.0
460.0
790.0
840.0
220.0
530.0
260.0
360.0
320.0
460.0
1160.0
310.0
570.0
280.0
300.0
960.0
330.0
250.0
1190.0
720.0
1120.0
1300.0
250.0
620.0
450.0
610.0
400.0
600.0
370.0
640.0
690.0
920.0
560.0
910.0
290.0
670.0
730.0
300.0
370.0
920.0
920.0
510.0
590.0
350.0
380.0
990.0
390.0
560.0
150.0
640.0
550.0
1160.0
750.0
1110.0
550.0
500.0
480.0
930.0
680.0
410.0
380.0
680.0
1060.0
510.0
710.0
300.0
330.0
340.0
1060.0
800.0
460.0
450.0
870.0
560.0
390.0
370.0
130.0
460.0
630.0
890.0
280.0
490.0
1000.0
820.0
680.0
1500.0
1630.0
290.0
430.0
610.0
860.0
420.0
720.0
430.0
1070.0
380.0
1160.0
450.0
310.0
400.0
790.0
800.0
620.0
680.0
1270.0
410.0
390.0
400.0
430.0
470.0
980.0
320.0
540.0
1230.0
620.0
340.0
160.0
1070.0
430.0
290.0
540.0
710.0
300.0
1370.0
710.0
990.0
1310.0
410.0
540.0
510.0
520.0
720.0
520.0
270.0
460.0
550.0
480.0
560.0
1420.0
420.0
920.0
600.0
280.0
530.0
980.0
250.0
340.0
340.0
410.0
450.0
370.0
860.0
270.0
460.0
980.0
800.0
650.0
860.0
2010.0
320.0
660.0
560.0
480.0
620.0
500.0
340.0
860.0
320.0
300.0
640.0
460.0
640.0
570.0
1180.0
520.0
850.0
510.0
410.0
610.0
830.0
330.0
510.0
460.0
300.0
780.0
490.0
630.0
940.0
740.0
300.0
390.0
1120.0
850.0
930.0
710.0
270.0
470.0
470.0
440.0
760.0
290.0
320.0
100.0
1660.0
350.0
1170.0
760.0
680.0
700.0
700.0
960.0
350.0
730.0
350.0
520.0
550.0
550.0
1160.0
1000.0
510.0
400.0
470.0
750.0
600.0
300.0
890.0
610.0
760.0
430.0
440.0
640.0
1370.0
500.0
740.0
570.0
320.0
530.0
470.0
310.0
3580.0
450.0
970.0
270.0
450.0
500.0
320.0
440.0
1140.0
1480.0
780.0
450.0
450.0
560.0
1090.0
520.0
1890.0
660.0
1040.0
890.0
800.0
240.0
220.0
1420.0
440.0
280.0
350.0
520.0
400.0
440.0
1040.0
800.0
450.0
260.0
450.0
380.0
380.0
360.0
730.0
580.0
140.0
1060.0
610.0
620.0
830.0
340.0
400.0
670.0
390.0
680.0
710.0
330.0
620.0
470.0
1440.0
540.0
400.0
900.0
300.0
450.0
510.0
560.0
340.0
750.0
560.0
670.0
860.0
1370.0
500.0
480.0
800.0
750.0
500.0
730.0
300.0
300.0
440.0
350.0
490.0
870.0
780.0
740.0
780.0
400.0
170.0
610.0
420.0
320.0
790.0
740.0
880.0
180.0
490.0
950.0
1350.0
1090.0
820.0
360.0
890.0
940.0
1080.0
1170.0
590.0
440.0
520.0
580.0
260.0
280.0
640.0
1430.0
510.0
230.0
120.0
140.0
210.0
270.0
420.0
560.0
390.0
380.0
300.0
340.0
340.0
800.0
590.0
490.0
420.0
320.0
620.0
530.0
350.0
400.0
200.0
230.0
810.0
550.0
610.0
480.0
570.0
490.0
590.0
350.0
990.0
750.0
500.0
740.0
430.0
580.0
780.0
920.0
800.0
800.0
750.0
630.0
590.0
290.0
350.0
690.0
630.0
450.0
580.0
450.0
330.0
460.0
1150.0
520.0
320.0
900.0
530.0
410.0
290.0
600.0
450.0
750.0
550.0
460.0
1210.0
800.0
720.0
260.0
540.0
980.0
190.0
730.0
460.0
500.0
740.0
340.0
370.0
360.0
440.0
250.0
630.0
470.0
420.0
870.0
980.0
1000.0
570.0
610.0
410.0
80.0
350.0
440.0
410.0
160.0
1150.0
610.0
130.0
170.0
300.0
180.0
480.0
990.0
1460.0
170.0
570.0
350.0
780.0
1210.0
810.0
670.0
300.0
1120.0
310.0
380.0
390.0
420.0
990.0
970.0
310.0
330.0
680.0
220.0
70.0
490.0
440.0
740.0
440.0
300.0
1080.0
290.0
550.0
220.0
500.0
340.0
720.0
500.0
320.0
640.0
570.0
840.0
760.0
370.0
1080.0
530.0
320.0
310.0
690.0
640.0
290.0
290.0
350.0
670.0
320.0
370.0
530.0
590.0
220.0
360.0
660.0
920.0
700.0
430.0
850.0
730.0
870.0
510.0
400.0
720.0
1280.0
680.0
440.0
760.0
470.0
1010.0
680.0
390.0
250.0
450.0
1070.0
490.0
350.0
140.0
780.0
1020.0
510.0
370.0
860.0
580.0
390.0
750.0
380.0
710.0
880.0
750.0
580.0
300.0
300.0
710.0
890.0
600.0
500.0
620.0
280.0
1140.0
250.0
980.0
600.0
490.0
300.0
1190.0
1120.0
710.0
690.0
480.0
990.0
680.0
120.0
280.0
300.0
320.0
760.0
810.0
1250.0
300.0
330.0
650.0
270.0
590.0
390.0
880.0
1140.0
1110.0
320.0
220.0
1200.0
200.0
460.0
480.0
640.0
410.0
310.0
270.0
600.0
520.0
380.0
380.0
550.0
470.0
240.0
450.0
200.0
930.0
880.0
1010.0
250.0
510.0
730.0
600.0
230.0
310.0
770.0
290.0
520.0
420.0
300.0
230.0
490.0
320.0
1020.0
350.0
820.0
320.0
220.0
700.0
1660.0
410.0
660.0
350.0
890.0
560.0
120.0
200.0
560.0
420.0
470.0
480.0
950.0
430.0
390.0
740.0
90.0
130.0
540.0
410.0
1200.0
410.0
740.0
1060.0
560.0
140.0
690.0
440.0
440.0
990.0
590.0
710.0
550.0
570.0
280.0
750.0
430.0
130.0
280.0
240.0
280.0
790.0
160.0
370.0
140.0
800.0
860.0
940.0
670.0
190.0
380.0
180.0
390.0
340.0
770.0
490.0
360.0
760.0
430.0
210.0
150.0
250.0
960.0
350.0
350.0
640.0
390.0
260.0
1750.0
270.0
210.0
300.0
840.0
620.0
340.0
840.0
210.0
720.0
930.0
650.0
360.0
590.0
300.0
510.0
70.0
510.0
850.0
540.0
550.0
570.0
390.0
470.0
280.0
520.0
460.0
230.0
360.0
300.0
180.0
290.0
760.0
590.0
500.0
600.0
150.0
660.0
1210.0
290.0
510.0
230.0
670.0
650.0
420.0
370.0
580.0
650.0
740.0
1050.0
410.0
410.0
780.0
90.0
270.0
660.0
440.0
560.0
1030.0
420.0
100.0
380.0
590.0
330.0
400.0
570.0
650.0
220.0
720.0
440.0
440.0
1960.0
240.0
1010.0
510.0
1110.0
260.0
210.0
580.0
650.0
490.0
260.0
320.0
560.0
610.0
1340.0
430.0
110.0
120.0
1010.0
710.0
1210.0
420.0
1490.0
1230.0
370.0
870.0
440.0
380.0
840.0
230.0
230.0
160.0
580.0
570.0
910.0
460.0
470.0
770.0
720.0
280.0
220.0
300.0
330.0
630.0
590.0
320.0
420.0
410.0
320.0
80.0
350.0
660.0
320.0
740.0
1010.0
790.0
360.0
400.0
600.0
340.0
910.0
430.0
460.0
430.0
460.0
530.0
610.0
740.0
890.0
630.0
630.0
370.0
670.0
980.0
440.0
520.0
690.0
660.0
770.0
480.0
620.0
250.0
280.0
660.0
310.0
300.0
820.0
610.0
250.0
790.0
520.0
380.0
340.0
610.0
440.0
530.0
610.0
820.0
1170.0
250.0
1370.0
400.0
640.0
850.0
530.0
680.0
830.0
110.0
470.0
480.0
140.0
220.0
1090.0
550.0
200.0
150.0
840.0
810.0
360.0
910.0
800.0
1260.0
680.0
420.0
1200.0
1350.0
260.0
280.0
410.0
580.0
870.0
370.0
200.0
170.0
730.0
810.0
1140.0
440.0
890.0
470.0
1510.0
320.0
430.0
620.0
800.0
160.0
650.0
660.0
1150.0
310.0
420.0
720.0
570.0
370.0
1340.0
180.0
640.0
220.0
890.0
310.0
440.0
280.0
370.0
1370.0
210.0
360.0
330.0
370.0
530.0
1030.0
530.0
780.0
950.0
1230.0
160.0
690.0
360.0
1150.0
510.0
370.0
550.0
680.0
740.0
830.0
190.0
280.0
230.0
290.0
540.0
320.0
370.0
320.0
380.0
500.0
520.0
240.0
390.0
270.0
380.0
380.0
600.0
2150.0
730.0
570.0
70.0
290.0
670.0
890.0
750.0
480.0
380.0
190.0
340.0
740.0
390.0
730.0
530.0
540.0
540.0
270.0
590.0
780.0
730.0
1080.0
460.0
890.0
1320.0
370.0
480.0
240.0
400.0
280.0
570.0
610.0
900.0
290.0
1360.0
320.0
340.0
490.0
530.0
240.0
200.0
990.0
950.0
1020.0
480.0
500.0
250.0
740.0
210.0
1010.0
460.0
550.0
430.0
350.0
430.0
590.0
440.0
540.0
1010.0
210.0
540.0
480.0
660.0
280.0
890.0
290.0
390.0
690.0
300.0
540.0
390.0
520.0
330.0
1850.0
1090.0
420.0
450.0
490.0
510.0
450.0
640.0
900.0
720.0
690.0
560.0
670.0
550.0
600.0
580.0
140.0
550.0
500.0
700.0
740.0
340.0
300.0
1070.0
270.0
260.0
820.0
500.0
350.0
560.0
370.0
1360.0
980.0
540.0
360.0
840.0
430.0
830.0
710.0
580.0
610.0
1110.0
480.0
820.0
510.0
540.0
570.0
670.0
430.0
480.0
1820.0
750.0
300.0
330.0
540.0
440.0
980.0
270.0
740.0
530.0
350.0
740.0
290.0
380.0
720.0
570.0
350.0
300.0
360.0
550.0
560.0
660.0
460.0
620.0
750.0
520.0
420.0
850.0
320.0
2760.0
170.0
610.0
520.0
1340.0
240.0
310.0
520.0
350.0
980.0
480.0
1110.0
230.0
430.0
620.0
370.0
370.0
590.0
110.0
430.0
70.0
590.0
980.0
330.0
360.0
530.0
310.0
450.0
1440.0
370.0
2330.0
670.0
930.0
340.0
1620.0
280.0
580.0
340.0
1070.0
860.0
580.0
500.0
560.0
560.0
690.0
520.0
270.0
340.0
490.0
150.0
720.0
590.0
340.0
580.0
370.0
1480.0
210.0
480.0
760.0
590.0
1260.0
390.0
680.0
860.0
620.0
130.0
430.0
570.0
670.0
400.0
360.0
1930.0
430.0
530.0
700.0
250.0
540.0
930.0
260.0
460.0
230.0
530.0
300.0
720.0
450.0
760.0
360.0
280.0
640.0
420.0
880.0
920.0
830.0
570.0
640.0
780.0
280.0
660.0
340.0
590.0
590.0
1020.0
350.0
460.0
490.0
590.0
940.0
660.0
420.0
570.0
330.0
550.0
310.0
370.0
310.0
530.0
610.0
450.0
570.0
610.0
430.0
670.0
390.0
590.0
290.0
310.0
200.0
300.0
390.0
340.0
700.0
1010.0
400.0
600.0
820.0
660.0
320.0
960.0
1070.0
370.0
500.0
170.0
330.0
220.0
440.0
300.0
550.0
690.0
430.0
560.0
730.0
600.0
790.0
580.0
380.0
750.0
560.0
840.0
1100.0
1170.0
300.0
380.0
1070.0
990.0
340.0
510.0
630.0
340.0
570.0
320.0
500.0
650.0
520.0
240.0
460.0
540.0
230.0
430.0
570.0
950.0
290.0
680.0
700.0
510.0
420.0
150.0
280.0
500.0
570.0
870.0
730.0
390.0
1410.0
330.0
560.0
540.0
210.0
430.0
790.0
630.0
520.0
550.0
490.0
600.0
400.0
1240.0
560.0
690.0
430.0
710.0
360.0
550.0
820.0
850.0
970.0
920.0
570.0
560.0
260.0
500.0
300.0
860.0
1470.0
510.0
560.0
290.0
240.0
200.0
860.0
380.0
340.0
480.0
440.0
1710.0
520.0
910.0
460.0
440.0
370.0
640.0
560.0
540.0
520.0
520.0
330.0
510.0
340.0
380.0
280.0
730.0
1240.0
1190.0
1920.0
850.0
890.0
2240.0
100.0
210.0
210.0
380.0
490.0
380.0
190.0
440.0
840.0
320.0
450.0
720.0
880.0
400.0
420.0
400.0
380.0
230.0
490.0
570.0
280.0
230.0
320.0
230.0
760.0
450.0
270.0
340.0
260.0
330.0
440.0
410.0
290.0
460.0
640.0
390.0
380.0
250.0
310.0
1140.0
420.0
430.0
320.0
810.0
260.0
290.0
400.0
150.0
270.0
390.0
610.0
1090.0
390.0
460.0
290.0
250.0
320.0
420.0
410.0
230.0
410.0
310.0
520.0
460.0
320.0
250.0
310.0
560.0
880.0
250.0
200.0
180.0
990.0
640.0
560.0
320.0
440.0
1670.0
430.0
380.0
500.0
230.0
360.0
390.0
430.0
710.0
210.0
420.0
1360.0
400.0
400.0
480.0
370.0
1240.0
690.0
540.0
420.0
490.0
1000.0
280.0
610.0
450.0
1160.0
590.0
720.0
310.0
750.0
400.0
450.0
390.0
1270.0
500.0
580.0
520.0
440.0
500.0
360.0
730.0
560.0
350.0
520.0
200.0
280.0
610.0
1130.0
390.0
650.0
840.0
380.0
790.0
680.0
620.0
490.0
580.0
390.0
660.0
760.0
1190.0
480.0
400.0
1270.0
3770.0
600.0
350.0
570.0
860.0
1180.0
320.0
630.0
590.0
460.0
770.0
290.0
410.0
350.0
730.0
270.0
560.0
460.0
420.0
490.0
670.0
410.0
320.0
670.0
430.0
400.0
680.0
550.0
370.0
440.0
390.0
640.0
300.0
530.0
250.0
730.0
480.0
420.0
160.0
440.0
290.0
690.0
370.0
710.0
1230.0
1220.0
570.0
390.0
500.0
450.0
740.0
810.0
400.0
290.0
560.0
690.0
680.0
350.0
880.0
1770.0
350.0
80.0
650.0
350.0
380.0
740.0
800.0
910.0
900.0
560.0
340.0
750.0
350.0
450.0
630.0
320.0
570.0
670.0
240.0
550.0
550.0
790.0
960.0
1250.0
950.0
860.0
470.0
370.0
780.0
320.0
320.0
880.0
580.0
1010.0
860.0
670.0
600.0
920.0
560.0
430.0
880.0
1050.0
670.0
740.0
360.0
610.0
710.0
810.0
670.0
540.0
540.0
320.0
1460.0
670.0
340.0
900.0
480.0
470.0
310.0
430.0
820.0
740.0
620.0
720.0
950.0
420.0
190.0
310.0
450.0
320.0
310.0
880.0
300.0
680.0
490.0
940.0
790.0
580.0
360.0
570.0
190.0
350.0
1050.0
420.0
1080.0
440.0
370.0
350.0
790.0
820.0
560.0
730.0
340.0
510.0
580.0
1250.0
870.0
1600.0
910.0
380.0
540.0
290.0
270.0
920.0
300.0
1270.0
640.0
660.0
450.0
330.0
900.0
1040.0
2240.0
410.0
330.0
350.0
510.0
400.0
510.0
890.0
310.0
340.0
670.0
760.0
790.0
810.0
420.0
240.0
180.0
490.0
840.0
710.0
640.0
470.0
530.0
490.0
450.0
520.0
630.0
540.0
470.0
240.0
810.0
500.0
1060.0
590.0
530.0
960.0
370.0
580.0
280.0
470.0
430.0
610.0
600.0
530.0
600.0
500.0
350.0
590.0
470.0
1740.0
660.0
2080.0
190.0
420.0
550.0
220.0
430.0
1340.0
880.0
300.0
480.0
330.0
550.0
380.0
230.0
580.0
330.0
870.0
460.0
660.0
570.0
610.0
