470.0
260.0
300.0
130.0
180.0
170.0
630.0
1140.0
380.0
690.0
390.0
800.0
300.0
420.0
480.0
680.0
560.0
580.0
720.0
220.0
510.0
910.0
620.0
610.0
1410.0
620.0
520.0
410.0
160.0
1070.0
680.0
300.0
230.0
620.0
260.0
510.0
260.0
290.0
270.0
530.0
330.0
710.0
400.0
240.0
340.0
790.0
170.0
290.0
960.0
330.0
350.0
290.0
280.0
1250.0
860.0
460.0
630.0
160.0
190.0
260.0
820.0
530.0
370.0
1290.0
150.0
360.0
420.0
290.0
670.0
340.0
550.0
310.0
420.0
540.0
250.0
280.0
410.0
980.0
350.0
310.0
360.0
320.0
460.0
560.0
180.0
800.0
210.0
1010.0
290.0
2110.0
490.0
310.0
360.0
290.0
490.0
570.0
330.0
310.0
330.0
380.0
1040.0
240.0
650.0
550.0
1130.0
690.0
130.0
470.0
290.0
380.0
540.0
230.0
240.0
990.0
590.0
270.0
770.0
120.0
460.0
350.0
480.0
510.0
370.0
200.0
270.0
220.0
270.0
630.0
690.0
500.0
1150.0
650.0
400.0
270.0
400.0
590.0
280.0
290.0
380.0
560.0
820.0
280.0
150.0
440.0
280.0
330.0
470.0
360.0
540.0
300.0
590.0
370.0
510.0
650.0
540.0
610.0
440.0
770.0
390.0
2080.0
1150.0
320.0
260.0
690.0
1220.0
1240.0
400.0
1130.0
180.0
740.0
660.0
520.0
390.0
180.0
1020.0
430.0
1970.0
370.0
720.0
1040.0
1330.0
630.0
390.0
630.0
1520.0
1050.0
1500.0
380.0
820.0
1410.0
220.0
510.0
460.0
500.0
490.0
510.0
540.0
100.0
260.0
460.0
300.0
570.0
660.0
610.0
800.0
220.0
1210.0
700.0
790.0
500.0
580.0
440.0
770.0
370.0
450.0
330.0
230.0
790.0
330.0
530.0
140.0
1320.0
460.0
1490.0
830.0
710.0
390.0
1330.0
470.0
480.0
270.0
520.0
460.0
180.0
510.0
500.0
840.0
700.0
510.0
210.0
860.0
1180.0
210.0
930.0
180.0
320.0
1200.0
560.0
760.0
460.0
830.0
600.0
1010.0
650.0
1680.0
200.0
1240.0
680.0
370.0
680.0
600.0
640.0
90.0
780.0
390.0
620.0
1260.0
610.0
530.0
1160.0
800.0
690.0
1220.0
440.0
260.0
370.0
770.0
200.0
760.0
160.0
390.0
340.0
430.0
360.0
500.0
510.0
1060.0
590.0
950.0
800.0
1040.0
950.0
770.0
900.0
1100.0
620.0
220.0
80.0
350.0
620.0
320.0
280.0
590.0
1770.0
340.0
320.0
840.0
430.0
530.0
1020.0
560.0
550.0
620.0
1080.0
510.0
460.0
300.0
390.0
400.0
1020.0
380.0
530.0
300.0
700.0
1240.0
930.0
1170.0
1210.0
490.0
380.0
300.0
500.0
820.0
600.0
330.0
2340.0
540.0
530.0
900.0
370.0
900.0
850.0
520.0
510.0
750.0
110.0
990.0
740.0
640.0
500.0
1110.0
1350.0
340.0
240.0
560.0
540.0
440.0
680.0
1090.0
240.0
540.0
80.0
940.0
820.0
360.0
360.0
280.0
990.0
300.0
410.0
450.0
80.0
720.0
360.0
320.0
350.0
700.0
220.0
820.0
880.0
720.0
640.0
880.0
450.0
410.0
530.0
300.0
540.0
480.0
370.0
750.0
1010.0
400.0
1040.0
370.0
470.0
250.0
320.0
620.0
270.0
590.0
660.0
410.0
410.0
580.0
430.0
1020.0
400.0
270.0
860.0
240.0
940.0
640.0
530.0
330.0
760.0
480.0
260.0
1490.0
2000.0
820.0
470.0
350.0
470.0
460.0
1210.0
530.0
880.0
510.0
860.0
420.0
880.0
290.0
220.0
500.0
570.0
860.0
510.0
270.0
240.0
580.0
980.0
880.0
490.0
480.0
320.0
560.0
720.0
900.0
610.0
380.0
360.0
210.0
390.0
480.0
570.0
950.0
690.0
550.0
370.0
610.0
940.0
2040.0
270.0
570.0
690.0
290.0
330.0
1120.0
420.0
260.0
550.0
1090.0
450.0
460.0
1190.0
980.0
520.0
600.0
730.0
440.0
1050.0
410.0
300.0
750.0
600.0
1970.0
480.0
460.0
640.0
740.0
330.0
490.0
230.0
850.0
620.0
660.0
1020.0
700.0
350.0
420.0
490.0
390.0
170.0
460.0
460.0
480.0
380.0
380.0
540.0
320.0
490.0
470.0
250.0
1200.0
700.0
300.0
630.0
700.0
180.0
520.0
450.0
360.0
1030.0
810.0
740.0
530.0
660.0
320.0
700.0
1330.0
340.0
560.0
550.0
410.0
290.0
640.0
1420.0
980.0
770.0
820.0
1060.0
410.0
500.0
540.0
250.0
830.0
1050.0
850.0
200.0
540.0
750.0
650.0
980.0
450.0
740.0
250.0
760.0
1260.0
510.0
510.0
600.0
510.0
170.0
830.0
290.0
570.0
560.0
1330.0
200.0
560.0
330.0
300.0
490.0
820.0
70.0
710.0
390.0
690.0
880.0
270.0
360.0
480.0
3470.0
250.0
610.0
750.0
470.0
370.0
480.0
320.0
670.0
480.0
780.0
680.0
500.0
450.0
890.0
890.0
300.0
450.0
490.0
380.0
370.0
2060.0
540.0
380.0
1400.0
500.0
330.0
850.0
600.0
590.0
490.0
520.0
400.0
440.0
510.0
590.0
520.0
490.0
700.0
770.0
380.0
670.0
360.0
480.0
460.0
600.0
670.0
1280.0
610.0
580.0
620.0
330.0
1380.0
530.0
420.0
600.0
790.0
290.0
500.0
630.0
1120.0
1280.0
280.0
530.0
800.0
300.0
680.0
640.0
270.0
480.0
390.0
550.0
400.0
400.0
930.0
680.0
490.0
340.0
2100.0
790.0
690.0
1190.0
740.0
570.0
610.0
130.0
660.0
1240.0
500.0
190.0
520.0
490.0
520.0
360.0
770.0
310.0
610.0
280.0
440.0
600.0
970.0
310.0
310.0
560.0
310.0
710.0
380.0
480.0
120.0
340.0
1330.0
260.0
470.0
210.0
520.0
610.0
1650.0
460.0
330.0
480.0
270.0
490.0
1300.0
350.0
620.0
420.0
550.0
300.0
410.0
240.0
250.0
980.0
410.0
310.0
860.0
480.0
640.0
870.0
560.0
680.0
560.0
880.0
190.0
380.0
1010.0
780.0
730.0
560.0
540.0
660.0
1070.0
340.0
440.0
1900.0
180.0
1010.0
200.0
400.0
590.0
480.0
720.0
580.0
570.0
660.0
520.0
700.0
680.0
510.0
510.0
940.0
430.0
760.0
390.0
650.0
750.0
1490.0
530.0
500.0
1030.0
390.0
820.0
470.0
580.0
570.0
510.0
960.0
310.0
640.0
690.0
970.0
280.0
310.0
490.0
500.0
770.0
310.0
340.0
620.0
720.0
520.0
620.0
380.0
890.0
540.0
800.0
520.0
520.0
520.0
1780.0
500.0
330.0
2000.0
430.0
1010.0
1130.0
400.0
750.0
490.0
700.0
600.0
650.0
340.0
480.0
1120.0
290.0
370.0
860.0
190.0
440.0
510.0
190.0
460.0
750.0
570.0
270.0
410.0
1090.0
670.0
220.0
430.0
200.0
480.0
370.0
760.0
510.0
450.0
680.0
170.0
420.0
200.0
900.0
370.0
320.0
1140.0
330.0
390.0
300.0
1030.0
390.0
230.0
420.0
250.0
620.0
470.0
430.0
580.0
480.0
1110.0
540.0
620.0
760.0
430.0
340.0
480.0
600.0
250.0
260.0
140.0
1080.0
310.0
600.0
250.0
800.0
390.0
470.0
180.0
420.0
1060.0
1330.0
260.0
380.0
240.0
530.0
340.0
860.0
830.0
860.0
730.0
740.0
1880.0
1310.0
470.0
540.0
990.0
1020.0
570.0
260.0
470.0
480.0
700.0
930.0
440.0
870.0
1360.0
170.0
460.0
740.0
400.0
870.0
270.0
410.0
330.0
330.0
490.0
290.0
330.0
310.0
160.0
760.0
440.0
240.0
360.0
400.0
820.0
270.0
540.0
600.0
260.0
350.0
810.0
330.0
370.0
300.0
630.0
240.0
740.0
320.0
530.0
680.0
300.0
350.0
270.0
230.0
480.0
1880.0
550.0
680.0
430.0
690.0
990.0
290.0
530.0
300.0
320.0
460.0
200.0
220.0
870.0
750.0
360.0
610.0
500.0
440.0
1200.0
400.0
360.0
580.0
500.0
340.0
480.0
990.0
400.0
300.0
680.0
890.0
370.0
610.0
1240.0
500.0
530.0
400.0
420.0
620.0
690.0
700.0
1040.0
420.0
450.0
420.0
1690.0
570.0
410.0
650.0
550.0
260.0
690.0
670.0
660.0
620.0
410.0
530.0
300.0
990.0
720.0
530.0
500.0
660.0
610.0
610.0
290.0
1470.0
650.0
370.0
540.0
510.0
350.0
230.0
460.0
260.0
460.0
250.0
480.0
290.0
650.0
330.0
520.0
580.0
780.0
880.0
590.0
400.0
560.0
260.0
270.0
220.0
390.0
500.0
460.0
380.0
680.0
1010.0
320.0
200.0
510.0
220.0
240.0
180.0
360.0
610.0
250.0
900.0
440.0
1270.0
1230.0
610.0
570.0
900.0
290.0
1040.0
580.0
470.0
390.0
370.0
740.0
380.0
420.0
840.0
490.0
750.0
500.0
710.0
1050.0
810.0
350.0
750.0
360.0
420.0
500.0
490.0
600.0
370.0
810.0
610.0
530.0
480.0
530.0
720.0
420.0
420.0
690.0
820.0
340.0
640.0
670.0
1180.0
510.0
1210.0
530.0
900.0
490.0
480.0
740.0
340.0
870.0
190.0
500.0
180.0
410.0
640.0
270.0
580.0
700.0
740.0
560.0
250.0
210.0
360.0
480.0
640.0
350.0
670.0
620.0
1040.0
410.0
590.0
530.0
1090.0
600.0
570.0
1170.0
1440.0
560.0
610.0
530.0
420.0
620.0
1340.0
300.0
570.0
630.0
350.0
640.0
460.0
800.0
470.0
1220.0
1060.0
580.0
970.0
220.0
290.0
640.0
470.0
620.0
750.0
480.0
570.0
650.0
450.0
280.0
390.0
510.0
340.0
450.0
360.0
510.0
990.0
490.0
400.0
690.0
410.0
320.0
810.0
1660.0
410.0
410.0
610.0
480.0
550.0
390.0
430.0
380.0
330.0
760.0
530.0
490.0
390.0
310.0
310.0
660.0
260.0
380.0
430.0
560.0
1050.0
690.0
80.0
1240.0
850.0
400.0
310.0
840.0
310.0
850.0
260.0
1000.0
430.0
520.0
630.0
1040.0
420.0
630.0
1060.0
920.0
790.0
250.0
240.0
480.0
1170.0
460.0
710.0
230.0
170.0
590.0
430.0
930.0
330.0
290.0
210.0
730.0
360.0
540.0
830.0
440.0
370.0
510.0
530.0
790.0
920.0
200.0
720.0
480.0
320.0
580.0
170.0
210.0
350.0
960.0
650.0
540.0
850.0
450.0
290.0
780.0
470.0
370.0
650.0
290.0
440.0
760.0
480.0
1010.0
340.0
760.0
190.0
1020.0
460.0
460.0
920.0
270.0
530.0
310.0
820.0
1040.0
330.0
650.0
510.0
1010.0
510.0
240.0
400.0
490.0
820.0
420.0
270.0
800.0
400.0
340.0
800.0
2460.0
520.0
620.0
300.0
370.0
500.0
420.0
570.0
370.0
150.0
470.0
880.0
690.0
270.0
560.0
340.0
1210.0
380.0
1070.0
510.0
200.0
610.0
520.0
750.0
70.0
460.0
1050.0
520.0
480.0
610.0
490.0
740.0
720.0
1010.0
660.0
970.0
840.0
520.0
260.0
1380.0
420.0
580.0
320.0
890.0
510.0
290.0
730.0
560.0
610.0
1070.0
480.0
410.0
780.0
940.0
660.0
790.0
350.0
820.0
200.0
650.0
440.0
210.0
260.0
640.0
480.0
240.0
750.0
510.0
900.0
540.0
1000.0
640.0
610.0
880.0
400.0
250.0
540.0
330.0
820.0
540.0
430.0
280.0
560.0
430.0
460.0
620.0
1050.0
850.0
470.0
650.0
320.0
500.0
190.0
420.0
350.0
440.0
730.0
210.0
390.0
510.0
320.0
460.0
350.0
550.0
310.0
490.0
290.0
360.0
410.0
280.0
170.0
250.0
940.0
510.0
410.0
700.0
420.0
400.0
1940.0
270.0
650.0
1150.0
550.0
410.0
670.0
730.0
520.0
760.0
720.0
230.0
310.0
420.0
640.0
450.0
920.0
350.0
940.0
580.0
460.0
880.0
660.0
510.0
400.0
450.0
380.0
380.0
200.0
440.0
200.0
420.0
590.0
580.0
1020.0
260.0
280.0
240.0
530.0
480.0
200.0
360.0
280.0
1040.0
670.0
510.0
630.0
330.0
360.0
620.0
660.0
290.0
250.0
690.0
1170.0
380.0
240.0
320.0
260.0
360.0
660.0
400.0
660.0
240.0
420.0
320.0
240.0
560.0
460.0
790.0
450.0
300.0
490.0
290.0
520.0
530.0
540.0
420.0
400.0
480.0
350.0
470.0
710.0
510.0
530.0
600.0
310.0
250.0
140.0
910.0
360.0
1110.0
240.0
480.0
580.0
740.0
620.0
1340.0
650.0
840.0
570.0
790.0
480.0
430.0
670.0
320.0
170.0
860.0
280.0
860.0
1920.0
380.0
1930.0
310.0
570.0
450.0
670.0
270.0
470.0
160.0
450.0
700.0
620.0
460.0
380.0
370.0
1180.0
1330.0
1840.0
650.0
540.0
100.0
930.0
660.0
360.0
260.0
370.0
210.0
320.0
790.0
840.0
480.0
350.0
160.0
340.0
850.0
920.0
270.0
290.0
430.0
1010.0
490.0
570.0
390.0
420.0
690.0
660.0
260.0
1460.0
390.0
250.0
370.0
170.0
550.0
1130.0
270.0
430.0
360.0
800.0
200.0
1380.0
290.0
580.0
850.0
400.0
260.0
410.0
620.0
110.0
950.0
1250.0
1290.0
290.0
480.0
220.0
800.0
840.0
380.0
310.0
1070.0
550.0
440.0
450.0
1090.0
350.0
680.0
340.0
410.0
720.0
410.0
600.0
740.0
870.0
480.0
350.0
620.0
690.0
640.0
540.0
330.0
420.0
700.0
320.0
120.0
1170.0
560.0
250.0
370.0
670.0
400.0
530.0
500.0
500.0
350.0
200.0
600.0
420.0
340.0
520.0
670.0
320.0
820.0
570.0
230.0
410.0
520.0
210.0
180.0
1170.0
900.0
340.0
830.0
450.0
370.0
280.0
1110.0
260.0
920.0
770.0
550.0
330.0
470.0
610.0
810.0
260.0
660.0
620.0
570.0
340.0
420.0
380.0
700.0
510.0
960.0
370.0
360.0
400.0
750.0
480.0
520.0
370.0
430.0
360.0
250.0
300.0
820.0
110.0
380.0
540.0
730.0
450.0
210.0
300.0
780.0
600.0
710.0
910.0
510.0
530.0
610.0
540.0
580.0
230.0
170.0
550.0
680.0
290.0
840.0
470.0
380.0
380.0
530.0
500.0
570.0
240.0
520.0
480.0
590.0
260.0
650.0
490.0
340.0
220.0
780.0
470.0
1050.0
130.0
390.0
310.0
1300.0
730.0
1060.0
440.0
450.0
610.0
630.0
430.0
330.0
2970.0
440.0
1860.0
560.0
360.0
430.0
260.0
480.0
870.0
710.0
330.0
620.0
2080.0
660.0
410.0
520.0
590.0
320.0
1080.0
520.0
510.0
280.0
250.0
1110.0
390.0
520.0
750.0
450.0
590.0
1980.0
540.0
890.0
460.0
710.0
1030.0
550.0
210.0
580.0
860.0
350.0
400.0
570.0
690.0
630.0
510.0
490.0
1460.0
370.0
460.0
450.0
370.0
460.0
560.0
690.0
430.0
240.0
670.0
840.0
1340.0
1130.0
540.0
1810.0
530.0
400.0
1020.0
1080.0
590.0
730.0
310.0
1490.0
660.0
390.0
870.0
190.0
340.0
720.0
490.0
290.0
530.0
540.0
540.0
500.0
290.0
580.0
610.0
1140.0
400.0
720.0
1080.0
2170.0
460.0
410.0
1070.0
300.0
440.0
1040.0
270.0
670.0
330.0
640.0
610.0
720.0
1030.0
620.0
1360.0
350.0
1110.0
500.0
760.0
710.0
410.0
490.0
280.0
460.0
530.0
730.0
270.0
270.0
800.0
610.0
320.0
510.0
280.0
790.0
1010.0
590.0
740.0
860.0
880.0
300.0
530.0
640.0
370.0
540.0
1450.0
270.0
830.0
610.0
420.0
650.0
330.0
670.0
840.0
590.0
270.0
970.0
770.0
740.0
260.0
630.0
580.0
960.0
560.0
530.0
570.0
620.0
900.0
540.0
470.0
380.0
420.0
630.0
700.0
480.0
440.0
400.0
740.0
490.0
470.0
310.0
690.0
690.0
320.0
950.0
990.0
70.0
260.0
300.0
870.0
430.0
500.0
1400.0
550.0
640.0
300.0
730.0
410.0
290.0
240.0
520.0
1180.0
650.0
710.0
360.0
350.0
1080.0
2570.0
110.0
290.0
360.0
480.0
440.0
860.0
470.0
1450.0
300.0
310.0
1920.0
1440.0
730.0
150.0
470.0
420.0
790.0
290.0
530.0
610.0
390.0
410.0
500.0
290.0
310.0
550.0
520.0
590.0
260.0
510.0
270.0
350.0
480.0
220.0
660.0
190.0
520.0
1270.0
380.0
420.0
890.0
520.0
260.0
310.0
280.0
680.0
1550.0
320.0
300.0
700.0
310.0
140.0
340.0
430.0
430.0
360.0
930.0
420.0
420.0
1010.0
410.0
390.0
740.0
360.0
540.0
940.0
700.0
280.0
900.0
970.0
780.0
760.0
590.0
620.0
350.0
490.0
380.0
380.0
640.0
330.0
750.0
730.0
500.0
340.0
1320.0
770.0
910.0
280.0
590.0
470.0
320.0
600.0
340.0
790.0
320.0
520.0
340.0
1040.0
280.0
760.0
660.0
710.0
1300.0
1930.0
1300.0
260.0
420.0
500.0
380.0
450.0
500.0
530.0
300.0
440.0
660.0
590.0
440.0
1170.0
640.0
280.0
1030.0
200.0
900.0
610.0
480.0
350.0
180.0
280.0
580.0
140.0
840.0
1560.0
380.0
680.0
620.0
460.0
470.0
2020.0
840.0
910.0
420.0
290.0
450.0
590.0
130.0
740.0
640.0
120.0
320.0
430.0
230.0
570.0
390.0
890.0
460.0
410.0
1020.0
170.0
730.0
730.0
370.0
620.0
310.0
510.0
370.0
390.0
900.0
360.0
370.0
1260.0
150.0
1110.0
460.0
370.0
300.0
470.0
490.0
600.0
550.0
430.0
470.0
550.0
350.0
840.0
420.0
600.0
780.0
410.0
1120.0
800.0
370.0
240.0
840.0
950.0
290.0
760.0
470.0
1220.0
1140.0
470.0
370.0
670.0
280.0
970.0
1300.0
220.0
550.0
400.0
390.0
390.0
490.0
200.0
2140.0
710.0
300.0
390.0
330.0
680.0
280.0
530.0
790.0
360.0
350.0
330.0
330.0
660.0
280.0
1220.0
190.0
830.0
360.0
420.0
440.0
620.0
1080.0
170.0
530.0
140.0
430.0
750.0
140.0
380.0
260.0
440.0
310.0
600.0
1000.0
170.0
380.0
940.0
830.0
640.0
770.0
520.0
330.0
490.0
260.0
910.0
670.0
400.0
1120.0
910.0
450.0
1060.0
620.0
810.0
260.0
470.0
3650.0
650.0
500.0
420.0
260.0
490.0
270.0
960.0
520.0
700.0
1110.0
790.0
1110.0
840.0
660.0
160.0
650.0
720.0
130.0
470.0
790.0
840.0
240.0
780.0
700.0
520.0
320.0
340.0
470.0
480.0
500.0
180.0
570.0
450.0
900.0
610.0
600.0
1470.0
640.0
370.0
270.0
530.0
400.0
630.0
290.0
590.0
2590.0
370.0
410.0
470.0
920.0
240.0
350.0
450.0
600.0
2190.0
520.0
640.0
1380.0
910.0
580.0
1230.0
970.0
570.0
760.0
530.0
740.0
1010.0
450.0
1900.0
510.0
480.0
580.0
380.0
390.0
430.0
290.0
360.0
330.0
240.0
890.0
220.0
260.0
870.0
950.0
90.0
900.0
600.0
2570.0
1200.0
350.0
450.0
560.0
660.0
380.0
1090.0
360.0
1090.0
670.0
980.0
840.0
900.0
520.0
240.0
200.0
590.0
380.0
240.0
1600.0
950.0
850.0
970.0
420.0
480.0
1140.0
350.0
460.0
470.0
710.0
620.0
440.0
410.0
560.0
490.0
160.0
440.0
370.0
400.0
610.0
650.0
400.0
960.0
470.0
720.0
410.0
320.0
1560.0
340.0
390.0
720.0
850.0
390.0
660.0
690.0
210.0
510.0
500.0
410.0
660.0
370.0
1000.0
510.0
760.0
620.0
180.0
590.0
690.0
580.0
840.0
450.0
380.0
310.0
510.0
520.0
710.0
580.0
620.0
470.0
340.0
770.0
2060.0
600.0
330.0
410.0
670.0
430.0
2060.0
470.0
1000.0
560.0
820.0
180.0
490.0
390.0
720.0
330.0
280.0
1040.0
450.0
440.0
120.0
880.0
670.0
450.0
250.0
390.0
500.0
600.0
1020.0
170.0
910.0
420.0
730.0
530.0
510.0
590.0
470.0
360.0
580.0
440.0
300.0
470.0
320.0
240.0
670.0
190.0
690.0
370.0
670.0
480.0
350.0
290.0
350.0
480.0
670.0
700.0
510.0
350.0
420.0
450.0
240.0
270.0
1000.0
480.0
1050.0
210.0
90.0
230.0
260.0
150.0
380.0
380.0
280.0
550.0
800.0
590.0
500.0
530.0
550.0
640.0
480.0
420.0
600.0
970.0
860.0
470.0
560.0
280.0
220.0
860.0
640.0
380.0
610.0
740.0
400.0
500.0
620.0
300.0
560.0
590.0
520.0
440.0
280.0
1310.0
1050.0
420.0
560.0
510.0
1120.0
500.0
310.0
580.0
300.0
810.0
430.0
970.0
600.0
630.0
760.0
290.0
430.0
620.0
340.0
410.0
590.0
440.0
370.0
340.0
440.0
1570.0
500.0
670.0
230.0
1380.0
410.0
230.0
560.0
350.0
720.0
290.0
1550.0
410.0
500.0
970.0
680.0
390.0
1090.0
320.0
830.0
440.0
620.0
280.0
350.0
390.0
370.0
680.0
420.0
290.0
870.0
740.0
610.0
390.0
360.0
310.0
1030.0
440.0
400.0
790.0
590.0
460.0
210.0
420.0
440.0
530.0
160.0
400.0
680.0
930.0
330.0
560.0
1260.0
1020.0
230.0
750.0
740.0
590.0
390.0
1280.0
1440.0
690.0
350.0
340.0
350.0
730.0
200.0
600.0
420.0
300.0
740.0
1350.0
890.0
590.0
900.0
460.0
370.0
450.0
470.0
1010.0
630.0
420.0
460.0
520.0
710.0
1490.0
260.0
390.0
240.0
400.0
350.0
630.0
230.0
780.0
720.0
1260.0
350.0
860.0
970.0
550.0
620.0
290.0
400.0
1650.0
440.0
650.0
340.0
330.0
390.0
510.0
200.0
580.0
830.0
510.0
540.0
470.0
650.0
340.0
1480.0
470.0
570.0
400.0
330.0
440.0
620.0
350.0
520.0
770.0
100.0
680.0
540.0
390.0
650.0
720.0
470.0
380.0
440.0
480.0
390.0
630.0
440.0
640.0
320.0
440.0
600.0
300.0
520.0
670.0
300.0
310.0
710.0
980.0
670.0
490.0
490.0
370.0
750.0
620.0
630.0
880.0
460.0
200.0
580.0
440.0
500.0
820.0
730.0
1860.0
890.0
560.0
470.0
330.0
840.0
460.0
570.0
410.0
350.0
470.0
360.0
390.0
450.0
600.0
690.0
490.0
640.0
160.0
600.0
460.0
1140.0
620.0
1460.0
840.0
650.0
540.0
370.0
770.0
390.0
600.0
720.0
290.0
600.0
820.0
580.0
520.0
950.0
1830.0
840.0
680.0
360.0
750.0
1170.0
620.0
830.0
480.0
510.0
1120.0
970.0
180.0
1000.0
980.0
720.0
340.0
450.0
360.0
820.0
340.0
850.0
550.0
370.0
260.0
320.0
400.0
210.0
1830.0
340.0
280.0
400.0
260.0
340.0
350.0
1020.0
430.0
1110.0
300.0
220.0
850.0
790.0
400.0
530.0
680.0
760.0
480.0
460.0
240.0
530.0
430.0
540.0
1110.0
620.0
760.0
870.0
320.0
210.0
210.0
1140.0
780.0
300.0
780.0
280.0
600.0
270.0
300.0
200.0
680.0
360.0
330.0
520.0
610.0
650.0
880.0
750.0
260.0
570.0
680.0
300.0
280.0
540.0
520.0
850.0
1760.0
110.0
450.0
840.0
580.0
430.0
130.0
400.0
1300.0
270.0
640.0
170.0
270.0
1160.0
380.0
670.0
470.0
240.0
790.0
370.0
580.0
240.0
700.0
260.0
750.0
700.0
320.0
390.0
220.0
420.0
870.0
540.0
2420.0
350.0
690.0
690.0
700.0
330.0
420.0
280.0
780.0
340.0
320.0
380.0
800.0
1000.0
630.0
520.0
500.0
790.0
980.0
270.0
600.0
600.0
490.0
410.0
1150.0
250.0
300.0
280.0
680.0
270.0
360.0
310.0
270.0
580.0
650.0
440.0
380.0
680.0
150.0
510.0
630.0
330.0
300.0
450.0
260.0
210.0
430.0
460.0
520.0
590.0
370.0
640.0
410.0
460.0
800.0
730.0
940.0
1050.0
670.0
850.0
590.0
470.0
530.0
920.0
310.0
350.0
610.0
1110.0
760.0
1020.0
200.0
500.0
530.0
280.0
610.0
450.0
320.0
460.0
670.0
310.0
240.0
800.0
270.0
530.0
960.0
470.0
340.0
450.0
570.0
420.0
560.0
550.0
350.0
200.0
510.0
460.0
570.0
780.0
400.0
690.0
130.0
820.0
540.0
790.0
430.0
690.0
610.0
370.0
470.0
910.0
1200.0
640.0
200.0
720.0
430.0
360.0
430.0
680.0
360.0
650.0
900.0
500.0
430.0
570.0
1390.0
890.0
960.0
480.0
1360.0
460.0
580.0
300.0
460.0
810.0
220.0
710.0
950.0
730.0
380.0
340.0
780.0
450.0
670.0
410.0
460.0
740.0
380.0
340.0
1440.0
360.0
260.0
70.0
200.0
1180.0
880.0
350.0
290.0
980.0
880.0
1130.0
530.0
760.0
840.0
410.0
230.0
1010.0
710.0
520.0
210.0
430.0
390.0
330.0
550.0
440.0
180.0
720.0
360.0
520.0
90.0
600.0
250.0
900.0
400.0
300.0
250.0
930.0
660.0
710.0
