920.0
420.0
310.0
400.0
600.0
560.0
140.0
670.0
350.0
1500.0
320.0
190.0
470.0
170.0
450.0
320.0
240.0
200.0
570.0
310.0
270.0
940.0
260.0
300.0
1360.0
180.0
300.0
260.0
370.0
240.0
430.0
620.0
410.0
340.0
1230.0
430.0
340.0
340.0
390.0
290.0
450.0
310.0
440.0
210.0
680.0
200.0
300.0
330.0
250.0
330.0
440.0
560.0
270.0
180.0
250.0
340.0
370.0
130.0
280.0
300.0
300.0
1260.0
180.0
310.0
430.0
390.0
1300.0
270.0
360.0
590.0
500.0
240.0
220.0
160.0
240.0
640.0
730.0
340.0
340.0
230.0
430.0
150.0
160.0
420.0
200.0
320.0
210.0
270.0
320.0
770.0
380.0
460.0
380.0
270.0
260.0
220.0
250.0
230.0
250.0
250.0
190.0
240.0
300.0
410.0
230.0
240.0
320.0
200.0
290.0
260.0
320.0
180.0
200.0
200.0
620.0
340.0
450.0
250.0
180.0
340.0
350.0
350.0
400.0
420.0
370.0
170.0
400.0
910.0
400.0
360.0
330.0
310.0
300.0
500.0
1020.0
360.0
180.0
190.0
240.0
240.0
390.0
340.0
390.0
280.0
820.0
360.0
340.0
210.0
200.0
270.0
210.0
310.0
730.0
410.0
300.0
460.0
840.0
440.0
1080.0
330.0
470.0
610.0
540.0
360.0
750.0
280.0
1100.0
350.0
300.0
380.0
270.0
370.0
250.0
300.0
310.0
100.0
400.0
320.0
320.0
290.0
350.0
70.0
140.0
330.0
300.0
390.0
300.0
260.0
500.0
330.0
390.0
340.0
350.0
330.0
580.0
530.0
470.0
770.0
340.0
220.0
910.0
320.0
290.0
170.0
340.0
290.0
340.0
260.0
540.0
220.0
390.0
320.0
300.0
160.0
350.0
470.0
300.0
520.0
280.0
250.0
1060.0
690.0
310.0
370.0
310.0
250.0
390.0
210.0
420.0
250.0
160.0
180.0
310.0
290.0
490.0
600.0
240.0
800.0
230.0
390.0
800.0
310.0
300.0
190.0
220.0
420.0
360.0
280.0
280.0
490.0
300.0
390.0
190.0
200.0
180.0
550.0
250.0
270.0
210.0
350.0
340.0
340.0
340.0
290.0
150.0
320.0
820.0
300.0
210.0
270.0
420.0
340.0
500.0
360.0
380.0
330.0
220.0
120.0
450.0
310.0
370.0
270.0
290.0
340.0
180.0
280.0
480.0
450.0
470.0
420.0
300.0
260.0
370.0
260.0
370.0
350.0
350.0
260.0
280.0
490.0
180.0
220.0
280.0
240.0
1040.0
430.0
520.0
1440.0
1000.0
450.0
350.0
760.0
420.0
330.0
340.0
170.0
720.0
240.0
1870.0
310.0
490.0
340.0
240.0
310.0
510.0
1310.0
290.0
170.0
280.0
220.0
170.0
960.0
320.0
1140.0
370.0
340.0
450.0
450.0
270.0
240.0
270.0
660.0
390.0
300.0
260.0
180.0
570.0
690.0
350.0
340.0
470.0
480.0
260.0
300.0
600.0
380.0
300.0
720.0
200.0
440.0
450.0
400.0
290.0
550.0
220.0
240.0
940.0
100.0
360.0
270.0
240.0
290.0
430.0
350.0
270.0
300.0
400.0
510.0
360.0
410.0
500.0
310.0
370.0
260.0
670.0
180.0
360.0
340.0
320.0
420.0
310.0
350.0
260.0
1160.0
330.0
390.0
650.0
350.0
110.0
1200.0
140.0
320.0
280.0
250.0
330.0
280.0
320.0
460.0
630.0
250.0
220.0
280.0
640.0
430.0
790.0
400.0
870.0
300.0
390.0
410.0
440.0
490.0
320.0
450.0
440.0
570.0
350.0
270.0
260.0
270.0
1260.0
940.0
590.0
250.0
810.0
390.0
630.0
1100.0
570.0
410.0
510.0
710.0
430.0
290.0
500.0
830.0
330.0
290.0
330.0
380.0
1800.0
370.0
1810.0
550.0
690.0
1170.0
450.0
260.0
300.0
430.0
310.0
400.0
530.0
180.0
340.0
240.0
500.0
500.0
780.0
260.0
70.0
1100.0
410.0
520.0
590.0
270.0
460.0
90.0
950.0
340.0
400.0
990.0
730.0
420.0
690.0
460.0
350.0
410.0
360.0
320.0
290.0
310.0
380.0
170.0
460.0
900.0
340.0
330.0
630.0
720.0
1690.0
510.0
640.0
370.0
560.0
370.0
370.0
200.0
830.0
350.0
230.0
450.0
450.0
470.0
630.0
420.0
420.0
340.0
370.0
460.0
370.0
630.0
350.0
700.0
240.0
1850.0
190.0
600.0
660.0
330.0
440.0
330.0
800.0
830.0
730.0
350.0
510.0
330.0
200.0
260.0
370.0
410.0
520.0
1460.0
210.0
150.0
340.0
550.0
500.0
660.0
2120.0
1440.0
500.0
560.0
1020.0
1070.0
310.0
270.0
290.0
470.0
250.0
440.0
400.0
470.0
450.0
340.0
350.0
220.0
390.0
390.0
730.0
290.0
860.0
280.0
900.0
350.0
670.0
530.0
1920.0
1010.0
690.0
1160.0
290.0
310.0
620.0
550.0
640.0
280.0
370.0
360.0
440.0
230.0
660.0
300.0
680.0
950.0
490.0
480.0
360.0
900.0
550.0
260.0
680.0
290.0
230.0
780.0
630.0
380.0
1120.0
330.0
540.0
1190.0
710.0
310.0
480.0
470.0
190.0
400.0
380.0
880.0
1040.0
470.0
310.0
400.0
160.0
340.0
440.0
940.0
400.0
550.0
300.0
230.0
380.0
1170.0
250.0
250.0
370.0
480.0
150.0
230.0
230.0
290.0
1140.0
700.0
470.0
250.0
380.0
730.0
390.0
230.0
1260.0
250.0
220.0
230.0
840.0
830.0
510.0
780.0
360.0
830.0
2330.0
170.0
450.0
510.0
690.0
450.0
800.0
930.0
300.0
350.0
1050.0
450.0
410.0
780.0
460.0
330.0
310.0
260.0
830.0
450.0
3470.0
520.0
130.0
350.0
600.0
400.0
480.0
410.0
370.0
380.0
440.0
170.0
440.0
290.0
430.0
1160.0
740.0
1630.0
550.0
480.0
550.0
1090.0
330.0
1330.0
680.0
1050.0
330.0
750.0
250.0
1300.0
960.0
240.0
1020.0
520.0
520.0
420.0
410.0
420.0
410.0
300.0
350.0
670.0
250.0
500.0
240.0
390.0
180.0
300.0
500.0
160.0
490.0
310.0
1720.0
410.0
290.0
1180.0
310.0
330.0
1650.0
390.0
1190.0
420.0
1280.0
760.0
740.0
