160.0
220.0
170.0
190.0
220.0
250.0
280.0
100.0
170.0
210.0
180.0
190.0
230.0
120.0
180.0
230.0
280.0
110.0
270.0
160.0
260.0
300.0
150.0
120.0
180.0
170.0
130.0
180.0
200.0
140.0
140.0
240.0
190.0
240.0
120.0
110.0
230.0
120.0
190.0
220.0
130.0
180.0
250.0
270.0
120.0
170.0
120.0
250.0
250.0
160.0
130.0
220.0
190.0
330.0
200.0
160.0
250.0
340.0
230.0
280.0
250.0
270.0
260.0
170.0
170.0
370.0
220.0
240.0
230.0
170.0
550.0
200.0
160.0
170.0
190.0
200.0
180.0
150.0
360.0
210.0
140.0
180.0
180.0
200.0
230.0
140.0
170.0
240.0
640.0
160.0
230.0
260.0
230.0
340.0
210.0
210.0
440.0
170.0
220.0
140.0
170.0
190.0
250.0
210.0
240.0
270.0
240.0
200.0
270.0
120.0
340.0
270.0
390.0
320.0
210.0
120.0
180.0
200.0
140.0
210.0
220.0
200.0
200.0
970.0
110.0
240.0
250.0
250.0
370.0
240.0
240.0
190.0
500.0
210.0
230.0
330.0
200.0
170.0
220.0
220.0
250.0
180.0
130.0
220.0
200.0
210.0
120.0
200.0
340.0
280.0
270.0
320.0
270.0
100.0
280.0
230.0
210.0
250.0
280.0
230.0
210.0
190.0
220.0
160.0
240.0
200.0
170.0
200.0
350.0
220.0
180.0
300.0
150.0
1000.0
180.0
140.0
160.0
200.0
230.0
160.0
220.0
190.0
230.0
530.0
140.0
290.0
200.0
210.0
340.0
250.0
230.0
240.0
190.0
190.0
280.0
240.0
590.0
370.0
200.0
290.0
230.0
290.0
250.0
310.0
310.0
190.0
220.0
200.0
230.0
200.0
260.0
200.0
150.0
270.0
150.0
260.0
260.0
220.0
270.0
440.0
230.0
250.0
220.0
220.0
160.0
180.0
460.0
170.0
190.0
350.0
180.0
410.0
190.0
200.0
230.0
190.0
240.0
950.0
250.0
210.0
230.0
180.0
240.0
150.0
120.0
290.0
220.0
190.0
180.0
160.0
230.0
870.0
160.0
280.0
540.0
230.0
310.0
200.0
200.0
300.0
200.0
280.0
160.0
170.0
230.0
140.0
180.0
230.0
120.0
250.0
230.0
180.0
170.0
300.0
160.0
130.0
180.0
220.0
130.0
350.0
100.0
460.0
230.0
240.0
180.0
210.0
210.0
260.0
310.0
190.0
120.0
160.0
180.0
200.0
170.0
230.0
180.0
270.0
200.0
200.0
350.0
370.0
110.0
230.0
250.0
270.0
220.0
200.0
160.0
400.0
500.0
180.0
270.0
330.0
590.0
260.0
240.0
200.0
260.0
240.0
270.0
210.0
200.0
290.0
150.0
170.0
300.0
270.0
160.0
190.0
290.0
190.0
150.0
120.0
350.0
180.0
400.0
290.0
310.0
230.0
120.0
260.0
190.0
120.0
210.0
250.0
180.0
240.0
160.0
230.0
240.0
280.0
270.0
200.0
340.0
220.0
130.0
280.0
670.0
180.0
260.0
140.0
270.0
180.0
280.0
210.0
260.0
220.0
320.0
720.0
160.0
210.0
160.0
440.0
270.0
220.0
160.0
160.0
230.0
220.0
690.0
300.0
330.0
160.0
160.0
330.0
230.0
190.0
140.0
240.0
190.0
450.0
210.0
180.0
210.0
310.0
230.0
230.0
220.0
470.0
200.0
260.0
220.0
200.0
190.0
410.0
170.0
220.0
220.0
260.0
260.0
220.0
240.0
250.0
270.0
180.0
180.0
250.0
160.0
260.0
700.0
160.0
250.0
240.0
300.0
290.0
170.0
180.0
130.0
260.0
210.0
180.0
200.0
240.0
250.0
190.0
140.0
220.0
220.0
350.0
200.0
270.0
200.0
160.0
290.0
280.0
160.0
160.0
380.0
230.0
290.0
430.0
280.0
220.0
200.0
230.0
300.0
410.0
490.0
400.0
140.0
230.0
230.0
280.0
240.0
350.0
210.0
320.0
180.0
230.0
240.0
210.0
220.0
190.0
360.0
1010.0
270.0
140.0
670.0
250.0
190.0
210.0
340.0
230.0
380.0
200.0
200.0
180.0
170.0
280.0
240.0
240.0
260.0
200.0
440.0
200.0
230.0
140.0
260.0
270.0
250.0
180.0
230.0
280.0
200.0
280.0
180.0
340.0
300.0
250.0
210.0
280.0
240.0
200.0
220.0
170.0
550.0
250.0
200.0
350.0
230.0
260.0
190.0
270.0
370.0
260.0
220.0
490.0
190.0
190.0
220.0
110.0
220.0
220.0
150.0
260.0
130.0
130.0
220.0
60.0
270.0
120.0
260.0
100.0
600.0
200.0
210.0
220.0
150.0
170.0
180.0
110.0
200.0
180.0
120.0
210.0
200.0
170.0
210.0
180.0
120.0
180.0
230.0
230.0
220.0
160.0
140.0
180.0
90.0
190.0
230.0
170.0
290.0
210.0
250.0
250.0
230.0
200.0
190.0
370.0
200.0
70.0
620.0
190.0
250.0
210.0
240.0
230.0
190.0
260.0
170.0
190.0
210.0
240.0
210.0
240.0
400.0
200.0
120.0
190.0
140.0
180.0
480.0
140.0
170.0
200.0
170.0
250.0
190.0
220.0
240.0
160.0
430.0
150.0
310.0
310.0
200.0
120.0
260.0
390.0
210.0
130.0
170.0
230.0
160.0
180.0
220.0
180.0
120.0
240.0
140.0
330.0
290.0
320.0
150.0
180.0
140.0
190.0
240.0
170.0
350.0
240.0
350.0
200.0
840.0
150.0
300.0
220.0
180.0
250.0
150.0
260.0
320.0
180.0
240.0
240.0
230.0
220.0
300.0
250.0
210.0
340.0
200.0
460.0
260.0
170.0
250.0
110.0
240.0
600.0
290.0
310.0
350.0
220.0
210.0
140.0
250.0
360.0
200.0
190.0
220.0
210.0
110.0
210.0
210.0
270.0
110.0
300.0
360.0
130.0
190.0
190.0
220.0
230.0
220.0
290.0
180.0
290.0
170.0
190.0
140.0
210.0
240.0
170.0
100.0
150.0
310.0
130.0
290.0
160.0
250.0
200.0
160.0
170.0
220.0
230.0
270.0
260.0
290.0
180.0
180.0
190.0
570.0
290.0
150.0
540.0
170.0
370.0
310.0
110.0
200.0
110.0
190.0
100.0
190.0
220.0
240.0
210.0
180.0
200.0
270.0
290.0
160.0
310.0
160.0
110.0
280.0
240.0
160.0
170.0
170.0
330.0
110.0
180.0
170.0
150.0
170.0
120.0
180.0
180.0
580.0
130.0
290.0
170.0
310.0
230.0
160.0
100.0
370.0
180.0
180.0
170.0
140.0
260.0
270.0
210.0
130.0
210.0
210.0
150.0
220.0
150.0
250.0
130.0
300.0
230.0
160.0
150.0
210.0
150.0
160.0
290.0
190.0
150.0
230.0
170.0
200.0
210.0
190.0
210.0
140.0
150.0
280.0
190.0
150.0
250.0
190.0
160.0
160.0
190.0
330.0
210.0
230.0
140.0
160.0
220.0
280.0
240.0
250.0
280.0
110.0
240.0
310.0
560.0
240.0
190.0
270.0
270.0
250.0
260.0
110.0
250.0
300.0
330.0
100.0
260.0
160.0
160.0
230.0
240.0
230.0
160.0
210.0
430.0
160.0
150.0
220.0
200.0
280.0
230.0
370.0
300.0
270.0
190.0
280.0
210.0
160.0
270.0
220.0
210.0
280.0
180.0
120.0
510.0
160.0
170.0
140.0
330.0
190.0
260.0
140.0
280.0
110.0
200.0
130.0
120.0
320.0
210.0
240.0
210.0
250.0
310.0
190.0
170.0
190.0
350.0
290.0
260.0
220.0
300.0
210.0
190.0
220.0
170.0
160.0
210.0
210.0
640.0
230.0
160.0
160.0
100.0
300.0
170.0
500.0
230.0
370.0
320.0
200.0
210.0
240.0
280.0
220.0
270.0
270.0
310.0
90.0
320.0
640.0
310.0
190.0
260.0
220.0
600.0
230.0
210.0
240.0
160.0
260.0
290.0
200.0
210.0
150.0
240.0
180.0
240.0
560.0
250.0
170.0
260.0
340.0
160.0
100.0
250.0
330.0
160.0
250.0
310.0
180.0
160.0
140.0
170.0
160.0
170.0
180.0
200.0
220.0
220.0
160.0
350.0
170.0
200.0
130.0
170.0
170.0
150.0
130.0
340.0
350.0
120.0
260.0
180.0
290.0
170.0
240.0
270.0
200.0
200.0
270.0
200.0
190.0
160.0
220.0
170.0
340.0
290.0
240.0
270.0
140.0
250.0
320.0
190.0
240.0
220.0
580.0
250.0
200.0
240.0
200.0
170.0
220.0
190.0
240.0
240.0
290.0
300.0
130.0
270.0
410.0
160.0
230.0
180.0
220.0
250.0
190.0
160.0
180.0
600.0
260.0
250.0
180.0
200.0
240.0
190.0
260.0
220.0
180.0
320.0
170.0
360.0
200.0
180.0
90.0
190.0
240.0
220.0
190.0
220.0
130.0
200.0
90.0
240.0
170.0
270.0
270.0
210.0
360.0
180.0
300.0
200.0
270.0
220.0
320.0
250.0
1010.0
220.0
230.0
240.0
200.0
200.0
360.0
250.0
100.0
430.0
150.0
350.0
250.0
180.0
230.0
170.0
210.0
210.0
130.0
260.0
340.0
290.0
170.0
170.0
180.0
1050.0
140.0
640.0
170.0
350.0
240.0
210.0
300.0
440.0
230.0
310.0
250.0
270.0
310.0
220.0
280.0
400.0
200.0
210.0
240.0
230.0
220.0
150.0
220.0
160.0
1110.0
190.0
310.0
190.0
360.0
170.0
130.0
320.0
280.0
210.0
250.0
200.0
300.0
180.0
220.0
200.0
310.0
240.0
510.0
170.0
340.0
150.0
340.0
170.0
150.0
180.0
170.0
170.0
200.0
140.0
230.0
280.0
170.0
180.0
280.0
220.0
180.0
220.0
130.0
190.0
140.0
310.0
250.0
230.0
270.0
170.0
600.0
340.0
230.0
160.0
270.0
410.0
150.0
260.0
160.0
190.0
360.0
190.0
240.0
160.0
240.0
270.0
260.0
580.0
450.0
210.0
260.0
220.0
260.0
350.0
180.0
250.0
240.0
270.0
230.0
370.0
200.0
210.0
170.0
250.0
340.0
280.0
270.0
160.0
270.0
240.0
220.0
200.0
160.0
230.0
240.0
270.0
320.0
210.0
160.0
270.0
220.0
240.0
160.0
230.0
230.0
210.0
290.0
340.0
300.0
280.0
260.0
190.0
150.0
340.0
350.0
260.0
210.0
70.0
200.0
200.0
340.0
250.0
240.0
340.0
610.0
150.0
190.0
390.0
110.0
620.0
250.0
180.0
170.0
270.0
190.0
360.0
240.0
270.0
190.0
160.0
240.0
220.0
200.0
310.0
90.0
170.0
230.0
430.0
250.0
340.0
100.0
250.0
260.0
240.0
310.0
260.0
200.0
230.0
250.0
160.0
250.0
180.0
260.0
200.0
180.0
220.0
460.0
240.0
130.0
290.0
190.0
270.0
170.0
270.0
240.0
250.0
220.0
1770.0
180.0
220.0
240.0
310.0
250.0
370.0
140.0
200.0
290.0
450.0
350.0
570.0
240.0
230.0
380.0
250.0
250.0
250.0
230.0
190.0
110.0
180.0
220.0
270.0
230.0
230.0
160.0
180.0
210.0
260.0
270.0
360.0
330.0
190.0
280.0
330.0
320.0
300.0
270.0
180.0
260.0
630.0
220.0
230.0
280.0
110.0
220.0
120.0
280.0
150.0
270.0
270.0
180.0
250.0
330.0
190.0
310.0
310.0
180.0
290.0
280.0
330.0
240.0
290.0
110.0
200.0
230.0
260.0
190.0
160.0
300.0
270.0
170.0
160.0
190.0
220.0
210.0
280.0
470.0
290.0
160.0
300.0
410.0
410.0
120.0
720.0
180.0
230.0
180.0
290.0
330.0
170.0
260.0
180.0
160.0
250.0
170.0
290.0
230.0
230.0
220.0
430.0
370.0
200.0
310.0
140.0
200.0
280.0
260.0
290.0
320.0
330.0
310.0
660.0
250.0
170.0
170.0
240.0
140.0
230.0
260.0
90.0
220.0
300.0
210.0
230.0
260.0
280.0
260.0
440.0
180.0
230.0
340.0
510.0
230.0
290.0
360.0
360.0
250.0
270.0
310.0
300.0
350.0
210.0
180.0
330.0
150.0
170.0
410.0
160.0
180.0
680.0
310.0
240.0
160.0
230.0
290.0
250.0
190.0
250.0
290.0
290.0
280.0
440.0
280.0
160.0
170.0
670.0
140.0
240.0
490.0
230.0
160.0
390.0
600.0
210.0
190.0
140.0
450.0
210.0
240.0
240.0
170.0
1020.0
340.0
230.0
140.0
180.0
370.0
270.0
250.0
170.0
410.0
170.0
740.0
240.0
160.0
330.0
190.0
260.0
320.0
140.0
220.0
250.0
310.0
340.0
250.0
200.0
270.0
360.0
210.0
210.0
90.0
270.0
220.0
210.0
160.0
210.0
230.0
280.0
230.0
260.0
250.0
210.0
180.0
640.0
300.0
620.0
210.0
500.0
330.0
220.0
130.0
360.0
300.0
280.0
200.0
210.0
180.0
210.0
570.0
1420.0
200.0
250.0
200.0
230.0
180.0
140.0
230.0
240.0
250.0
190.0
370.0
260.0
750.0
330.0
320.0
210.0
340.0
230.0
120.0
260.0
160.0
200.0
170.0
170.0
270.0
210.0
670.0
1040.0
360.0
300.0
280.0
260.0
220.0
290.0
190.0
200.0
310.0
200.0
330.0
1460.0
150.0
230.0
340.0
190.0
240.0
300.0
280.0
290.0
420.0
310.0
300.0
210.0
340.0
210.0
300.0
240.0
220.0
390.0
190.0
200.0
540.0
410.0
220.0
180.0
230.0
300.0
260.0
520.0
260.0
120.0
350.0
200.0
210.0
380.0
370.0
330.0
290.0
200.0
400.0
200.0
260.0
230.0
230.0
370.0
350.0
90.0
240.0
320.0
180.0
320.0
660.0
250.0
250.0
380.0
270.0
230.0
250.0
180.0
220.0
250.0
170.0
260.0
220.0
360.0
310.0
300.0
320.0
270.0
280.0
360.0
230.0
170.0
390.0
310.0
440.0
190.0
310.0
270.0
1430.0
200.0
200.0
350.0
370.0
370.0
140.0
280.0
180.0
220.0
190.0
320.0
1030.0
250.0
260.0
220.0
320.0
190.0
560.0
220.0
190.0
180.0
240.0
320.0
180.0
260.0
330.0
200.0
190.0
230.0
330.0
240.0
270.0
270.0
130.0
620.0
400.0
140.0
520.0
200.0
130.0
270.0
190.0
540.0
280.0
490.0
250.0
